31 ! 0.001953125 0.00390625 4
32 " 0.0068359375 0.0107421875 8
33 # 0.01171875 0.017578125 12
34 $ 0.02392578125 0.02880859375 10
35 % 0.03515625 0.041015625 12
36 & 0.046875 0.052734375 12
37 ' 0.0546875 0.056640625 4
38 ( 0.06005859375 0.0634765625 7
39 ) 0.0654296875 0.06884765625 7
40 * 0.07080078125 0.07568359375 10
41 + 0.076171875 0.08203125 12
42 , 0.0830078125 0.0859375 6
43 - 0.0888671875 0.0927734375 8
44 . 0.095703125 0.09765625 4
45 / 0.10009765625 0.10498046875 10
46 0 0.10546875 0.111328125 12
47 1 0.11181640625 0.11669921875 10
48 2 0.11767578125 0.12255859375 10
49 3 0.12353515625 0.12841796875 10
50 4 0.134765625 0.140625 12
51 5 0.14111328125 0.14599609375 10
52 6 0.14697265625 0.15185546875 10
53 7 0.15283203125 0.15771484375 10
54 8 0.15869140625 0.16357421875 10
55 9 0.16455078125 0.16943359375 10
56 : 0.171875 0.173828125 4
57 ; 0.1767578125 0.1796875 6
58 < 0.18212890625 0.1865234375 9
59 = 0.18798828125 0.19287109375 10
60 > 0.1943359375 0.19873046875 9
61 ? 0.20068359375 0.2041015625 7
62 @ 0.205078125 0.2109375 12
63 A 0.216796875 0.22265625 12
64 B 0.22900390625 0.23388671875 10
65 C 0.24072265625 0.24560546875 10
66 D 0.25244140625 0.2578125 11
67 E 0.2646484375 0.26904296875 9
68 F 0.2705078125 0.27490234375 9
69 G 0.28125 0.28662109375 11
70 H 0.28759765625 0.29248046875 10
71 I 0.29345703125 0.29833984375 10
72 J 0.29931640625 0.3037109375 9
73 K 0.30517578125 0.310546875 11
74 L 0.3115234375 0.31591796875 9
75 M 0.322265625 0.328125 12
76 N 0.33447265625 0.33935546875 10
77 O 0.345703125 0.3515625 12
78 P 0.35791015625 0.36279296875 10
79 Q 0.369140625 0.37548828125 13
80 R 0.38134765625 0.38671875 11
81 S 0.39306640625 0.39794921875 10
82 T 0.3984375 0.404296875 12
83 U 0.41064453125 0.41552734375 10
84 V 0.421875 0.427734375 12
85 W 0.43359375 0.439453125 12
86 X 0.4453125 0.451171875 12
87 Y 0.45703125 0.462890625 12
88 Z 0.46923828125 0.47412109375 10
89 [ 0.47607421875 0.47900390625 6
90 \ 0.48095703125 0.48583984375 10
91 ] 0.48779296875 0.49072265625 6
92 ^ 0.49267578125 0.49755859375 10
93 _ 0.50390625 0.51025390625 13
94 ` 0.5166015625 0.51953125 6
95 a 0.52197265625 0.52685546875 10
96 b 0.52783203125 0.53271484375 10
97 c 0.53369140625 0.53857421875 10
98 d 0.53955078125 0.54443359375 10
99 e 0.54541015625 0.55029296875 10
100 f 0.556640625 0.5625 12
101 g 0.56884765625 0.57421875 11
102 h 0.58056640625 0.58544921875 10
103 i 0.58642578125 0.59130859375 10
104 j 0.59228515625 0.5966796875 9
105 k 0.59814453125 0.603515625 11
106 l 0.60986328125 0.61474609375 10
107 m 0.62109375 0.626953125 12
108 n 0.63330078125 0.63818359375 10
109 o 0.63916015625 0.64453125 11
110 p 0.64501953125 0.64990234375 10
111 q 0.65087890625 0.65576171875 10
112 r 0.6572265625 0.66162109375 9
113 s 0.66259765625 0.66748046875 10
114 t 0.66796875 0.67333984375 11
115 u 0.67431640625 0.67919921875 10
116 v 0.685546875 0.69140625 12
117 w 0.697265625 0.703125 12
118 x 0.708984375 0.71484375 12
119 y 0.720703125 0.7265625 12
120 z 0.72705078125 0.73193359375 10
121 { 0.73291015625 0.7373046875 9
122 | 0.74072265625 0.74169921875 2
123 } 0.7451171875 0.74951171875 9
124 ~ 0.75 0.755859375 12
