A 60 4
B 60 24
C 60 29
D 60 45
E 60 53
F 60 75
G 60 79
H 60 95
I 60 103
J 60 125
K 79 4
L 79 24
M 79 29
N 79 45
O 79 53
P 79 75
Q 79 79
R 79 95
S 79 103
T 79 125
U 81 4
V 81 24
W 81 29
X 81 45
Y 81 53
Z 81 75
a 81 79
b 81 95
c 81 103
d 81 125
e 173 4
f 173 24
g 173 29
h 173 45
i 173 53
j 173 75
k 173 79
l 173 95
m 173 103
n 173 125
o 176 4
p 176 24
q 176 29
r 176 45
s 176 53
t 176 75
u 176 79
v 176 95
w 176 103
x 176 125
y 228 4
z 228 24
0 228 29
1 228 45
2 228 53
3 228 75
4 228 79
5 228 95
6 228 103
7 228 125
8 248 4
9 248 24
! 248 29
" 248 45
# 248 53
$ 248 75
% 248 79
& 248 95
' 248 103
( 248 125
) 249 4
* 249 24
+ 249 29
, 249 45
- 249 53
. 249 75
/ 249 79
: 249 95
; 249 103
< 249 125
= 413 4
> 413 24
? 413 29
@ 413 45
[ 413 53
\ 413 75
] 413 79
^ 413 95
_ 413 103
` 413 125
{ 415 4
| 415 24
} 415 29
~ 415 45
